Start:  2020-08-19 20:59:00.713121
End:  2020-08-19 21:29:01.109706